data =

 Columns 1 through 25:

   84   90  105  102   50    0    0    0    0    0    0    0    0    0    0    0    0    0    0    0    0    0    0    5    0

 Columns 26 through 50:

    0    0    5    0    0    0    0    0    0    0  236    0    0    0    5    0    0    0   20  128    0    0    0  158  166

 Columns 51 through 75:

   30  112  159  186  235   96  160  134    0  112  161  154  205   96  162  101  226  112  163  131  233  224  164  106  174

 Columns 76 through 100:

  112  165   53  167   96  166   83  202  240  167   21  137   96  168   51  172  240  168  254  165  224  170   19  142  240

 Columns 101 through 125:

  170  222  135  224  171  243  112  240  172  190  105  224  173  211   82  240  174  158   75  224  175  179   52  240  176

 Columns 126 through 150:

  126   45  224  177  156   81  112  178  103   74   96  179  124   51  112  180   71   44   96  181   92   21  112  182   39

 Columns 151 through 175:

   14   96  183   59  247  112  184    6  240   96  185   27  217  112  185  230  210   96  187    4  245  240  187  198  180

 Columns 176 through 200:

   96  188  228  215  240  189  175  208  224  190  196  185  240  191  143  178  224  192  164  155  240  193  111  148  224

 Columns 201 through 225:

  194  132  125  240  195   79  118  224  196  100   95  240  197   47   88  224  198   77  124  112  199   15   58  224  200

 Columns 226 through 250:

   45   94  112  200  248   87   96  202   13   64  112  202  216   57   96  203  136  240  112  210   35  244  112  210   96

 Columns 251 through 275:

  251  224  211  117  228  240  212   64  221  224  213   85  198  240  214   32  191  224  215   53  168  240  216    0  161

 Columns 276 through 300:

  224  217   21  138  240  217  224  131  224  218  254  167  112  219  192  101  224  220  222  137  112  221  169  130   96

 Columns 301 through 325:

  222  190  107  112  223  137  100   96  224  158   77  112  225  105   70   96  226  126   47  112  227   73   40   96  228

 Columns 326 through 350:

   94   17  112  229   87   46  224  230   71   45  240  231   55   16  224  232   39   15  240  233   22  242  224  234    6

 Columns 351 through 375:

  241  240  234  246  212  224  235  230  211  240  236  214  182  224  237  198  181  240  238  191  211   96  239  175  210

 Columns 376 through 400:

  112  240  159  181   96  241  143  180  112  242  127  151   96  243  111  150  112  244   95  121   96  245   79  120  112

 Columns 401 through 425:

  246   63   91   96  247   47   90  112  248   40  119  224  249   15   60  112  250    8   89  224  250  248   88  240  251

 Columns 426 through 450:

  232   59  224  252  216   58  240  253  200   29  224  254  184   28  240  255  167  255  224    0  151  254  240    1  135

 Columns 451 through 475:

  225  224    2  119  224  240    3  112  254   96    4   96  253  112    5   80  224   96    6   64  223  112    7   48  194

 Columns 476 through 500:

   96    7  141   25  112    9   16  164   96    9  173  148  240   10  240  134   96   11  224  133  112   12  217  162  224

 Columns 501 through 525:

   13  192  103  112   14  185  132  224   15  169  131  240   16  153  102  224   17  137  101  240   18  121   72  224   19

 Columns 526 through 550:

  105   71  240   20   89   42  224   21   73   41  240   22   57   12  224   23   41   11  240   24   34   41   96   25    8

 Columns 551 through 575:

  237  240   26    2   11   96   26  242   10  112   27  225  237   96   28  209  236  112   29  193  207   96   30  177  206

 Columns 576 through 600:

  112   31  161  177   96   32  118    0  240   33  129  147   96   34   85  226  240   35  106  175  224   36   53  196  240

 Columns 601 through 625:

   37   74  145  224   38   21  166  240   39   42  115  224   39  254  195  112   41   10   85  224   41  222  165  112   42

 Columns 626 through 650:

  234   55  224   43  190  135  112   44  211   84   96   45  158  105  112   46  179   54   96   47  126   75  112   48  147

 Columns 651 through 675:

   24   96   49  103  103  240   50  114  250   96   51   71   73  240   52   82  220   96   53   39   43  240   54   50  190

 Columns 676 through 700:

   96   55    7   13  240   56   27  218  224   56  230  239  240   57  251  188  224   58  198  209  240   59  219  158  224

 Columns 701 through 725:

   60  175  238  112   61  187  128  224   62  143  208  112   63  155   98  224   64  111  178  112   65  132  127   96   66

 Columns 726 through 750:

   79  148  112   67  100   97   96   68   47  118  112   69   68   67   96   69  243  168  240   71   45   95  224   71  211

 Columns 751 through 775:

  138  240   73   13   65  224   73  179  108  240   74  237   35  224   75  156  137  112   76  214   64   96   77  124  107

 Columns 776 through 800:

  112   78  182   34   96   79   92   77  112   80  150    4   96   81   60   47  112   82  117  230   96   83   28   17  112

 Columns 801 through 825:

   84   85  200   96   84  251  243  112   86   53  170   96   86  229   15  240   88   30  198  224   88  196  241  240   89

 Columns 826 through 850:

  254  168  224   90  164  211  240   91  222  138  224   92  132  181  240   93  190  108  224   94  100  151  240   95  158

 Columns 851 through 875:

   78  224   96   77  180  112   97  135  107   96   98   45  150  112   99  103   77   96  100   13  120  112  101   71   47

 Columns 876 through 900:

   96  101  237   90  112  103   39   17   96  103  205   60  112  105    6  243   96  105  173   30  112  106  230  213   96

 Columns 901 through 925:

  107  150   58  240  108  207  241  224  109  118   28  240  110  175  211  224  111   85  254  240  112  143  181  224  113

 Columns 926 through 950:

   53  224  240  114  111  151  224  115   21  194  240  116   79  121  224  116  254  223  112  118   56  150   96  118  222

 Columns 951 through 975:

  193  112  120   24  120   96  120  190  163  112  121  248   90   96  122  158  133  112  123  216   60   96  124  126  103

 Columns 976 through 1000:

  112  125  184   30   96  126   94   73  112  127  152    0   96    2    1    2    1    2    1    2    1    2    1    2    1

 Columns 1001 through 1025:

    2    1    2    1    2    1    2    1    2    1    2    1    2    1    2    1    2    1    2    1    2    1    2    1    2

 Columns 1026 through 1050:

    1    2    1    2    1    2    1    2    1    2    1    2    3    4    2    1    2    1    2    1    2    1    2    1    2

 Columns 1051 through 1075:

    1    2    1    2    1    2    1    2    1    2    1    2    1    2    1    2    1    2    1    2    1    2    1    2    1

 Columns 1076 through 1100:

    2    1    2    1    2    1    2    1    2    1    2    1    2    1    2    1    2    1    2    1    2    1    2    1    2

 Columns 1101 through 1125:

    1    2    1    2    1    2    1    2    1    2    1    2    1    2    1    2    1    2    1    2    1    2    1    2    1

 Columns 1126 through 1150:

    2    1    2    1    2    1    2    1    2    1    2    1    2    1    2    1    2    1    2    1    2    1    2    1    2

 Columns 1151 through 1175:

    1    2    1    2    1    2    1    2    1    2    1    2    1    2    1    2    1    2    1    2    1    2    1    2    1

 Columns 1176 through 1200:

    2    1    2    1    2    1    2    1    2    1    2    1    2    1    2    1    2    1    2    1    2    1    2    1    2

 Columns 1201 through 1225:

    1    2    1    2    1    2    1    2    1    2    1    2    1    2    1    2    1    2    1    2    1    2    1    2  255

 Columns 1226 through 1250:

  255  186  158    0    0  255  255  199  192    1    4  255  255  185  176    0    8  255  255  199  192    1   12  255  255

 Columns 1251 through 1275:

  199  192    1   16   76   77   84    0   69   68   84    0   69   83   84    0   69   87   84    0   69   80   84    0    0

